0.37091988130563797
0.4139072847682119
0.1394658753709199
0.15562913907284767
0.3072916666666667
0.34202898550724636
0.140625
0.1565217391304348
0.1950354609929078
0.15406162464985995
0.21631205673758866
0.17086834733893558
0.1888412017167382
0.08870967741935484
0.3090128755364807
0.14516129032258066
0.22357723577235772
0.2887139107611549
0.16463414634146342
0.2125984251968504
0.3117206982543641
0.5506607929515418
0.16458852867830423
0.2907488986784141
0.13394919168591224
0.1318181818181818
0.09006928406466513
0.08863636363636364
0.17220543806646527
0.1919191919191919
0.12084592145015106
0.13468013468013468
0.17522658610271905
0.20863309352517986
0.24471299093655588
0.29136690647482016
0.1480637813211845
0.203125
0.16856492027334852
0.23125
0.36460176991150445
4.681818181818182
0.1168141592920354
1.5
0.9375
0.16228748068006182
1.4910714285714286
0.2581143740340031
0.07758620689655173
0.05642633228840126
0.0603448275862069
0.0438871473354232
0.03294117647058824
0.02666666666666667
0.042352941176470586
0.03428571428571429
0.11336032388663968
0.09210526315789473
1.4210526315789473
1.1546052631578947
0.04219409282700422
0.014025245441795231
1.5569620253164558
0.517531556802244
