0.44970414201183434
0.6129032258064516
0.1952662721893491
0.2661290322580645
0.39853300733496333
0.5125786163522013
0.13447432762836187
0.17295597484276728
0.23412698412698413
0.17664670658682635
0.20238095238095238
0.15269461077844312
0.21818181818181817
0.09467455621301775
0.2818181818181818
0.1222879684418146
0.2851063829787234
0.3611859838274933
0.1829787234042553
0.23180592991913745
0.27972027972027974
0.6976744186046512
0.2331002331002331
0.5813953488372093
0.15192743764172337
0.1675
0.09297052154195011
0.1025
0.19767441860465115
0.26459143968871596
0.11627906976744186
0.1556420233463035
0.2747603833865815
0.3173431734317343
0.25878594249201275
0.2988929889298893
0.1649214659685864
0.18155619596541786
0.27225130890052357
0.29971181556195964
0.3861566484517304
6.057142857142857
0.11475409836065574
1.8
1.1401869158878504
0.19614147909967847
1.4299065420560748
0.2459807073954984
0.06557377049180328
0.05970149253731343
0.05737704918032787
0.05223880597014925
0.03015075376884422
0.022556390977443608
0.04522613065326633
0.03383458646616541
0.10084033613445378
0.08759124087591241
1.6302521008403361
1.416058394160584
0.04602510460251046
0.015918958031837915
1.6778242677824269
0.5803183791606368
