0.3333333333333333
0.6060606060606061
0.1380952380952381
0.2510822510822511
0.37376237623762376
0.5412186379928315
0.11633663366336634
0.16845878136200718
0.15789473684210525
0.17475728155339806
0.14327485380116958
0.15857605177993528
0.1722488038277512
0.0759493670886076
0.32057416267942584
0.14135021097046413
0.2247191011235955
0.22662889518413598
0.27247191011235955
0.2747875354107649
0.43037974683544306
0.256120527306968
0.12974683544303797
0.07721280602636535
0.47096774193548385
0.13176895306859207
0.32903225806451614
0.09205776173285199
0.16379310344827586
0.11422845691382766
0.1925287356321839
0.1342685370741483
0.190625
0.19488817891373802
0.171875
0.1757188498402556
0.15023474178403756
0.23272727272727273
0.12206572769953052
0.1890909090909091
0.29604130808950085
3.3076923076923075
0.10499139414802065
1.1730769230769231
0.7663551401869159
0.13804713804713806
1.411214953271028
0.2542087542087542
0.08288770053475936
0.08707865168539326
0.06149732620320856
0.06460674157303371
0.08312342569269521
0.07692307692307693
0.05289672544080604
0.04895104895104895
0.07739938080495357
0.06142506142506143
0.8359133126934984
0.6633906633906634
0.061855670103092786
0.03364485981308411
0.9518900343642611
0.5177570093457944
