0.2689075630252101
0.34408602150537637
0.16246498599439776
0.2078853046594982
0.25555555555555554
0.452755905511811
0.08666666666666667
0.15354330708661418
0.16408668730650156
0.16932907348242812
0.15479876160990713
0.1597444089456869
0.09912536443148688
0.09418282548476455
0.20116618075801748
0.19113573407202217
0.1891304347826087
0.2443820224719101
0.16304347826086957
0.21067415730337077
0.28296703296703296
0.39615384615384613
0.1620879120879121
0.22692307692307692
0.11818181818181818
0.13829787234042554
0.09772727272727273
0.11436170212765957
0.14640198511166252
0.2669683257918552
0.08933002481389578
0.16289592760180996
0.189873417721519
0.20408163265306123
0.20569620253164558
0.22108843537414966
0.14754098360655737
0.2079207920792079
0.1451990632318501
0.20462046204620463
0.627906976744186
0.4602272727272727
0.2248062015503876
0.16477272727272727
0.6309523809523809
0.18861209964412812
0.6785714285714286
0.20284697508896798
0.06129032258064516
0.0673758865248227
0.054838709677419356
0.06028368794326241
0.04199475065616798
0.034261241970021415
0.05249343832020997
0.042826552462526764
0.10112359550561797
0.08307692307692308
1.0561797752808988
0.8676923076923077
0.0215633423180593
0.016771488469601678
0.8113207547169812
0.6310272536687631
