0.6037735849056604
0.7943262411347518
0.1320754716981132
0.17375886524822695
0.6105263157894737
0.7388535031847133
0.10789473684210527
0.1305732484076433
0.1419939577039275
0.14596273291925466
0.11782477341389729
0.12111801242236025
0.10472972972972973
0.07788944723618091
0.1858108108108108
0.13819095477386933
0.3713527851458886
0.3341288782816229
0.29973474801061006
0.26968973747016706
0.5186246418338109
0.46055979643765904
0.20630372492836677
0.183206106870229
0.171875
0.16019417475728157
0.10416666666666667
0.0970873786407767
0.19117647058823528
0.16169154228855723
0.12058823529411765
0.10199004975124377
0.2847457627118644
0.2876712328767123
0.288135593220339
0.2910958904109589
0.15681818181818183
0.215625
0.22727272727272727
0.3125
0.43902439024390244
4.333333333333333
0.1125703564727955
1.1111111111111112
0.8650793650793651
0.1719242902208202
1.4682539682539681
0.2917981072555205
0.05701754385964912
0.06598984771573604
0.06578947368421052
0.07614213197969544
0.03215434083601286
0.012468827930174564
0.05787781350482315
0.022443890274314215
0.12
0.084
2.3657142857142857
1.656
0.2
0.032359081419624215
2.606451612903226
0.42171189979123175
