0.2555205047318612
0.27835051546391754
0.19873817034700317
0.21649484536082475
0.215311004784689
0.2564102564102564
0.1291866028708134
0.15384615384615385
0.2606837606837607
0.16310160427807488
0.29914529914529914
0.18716577540106952
0.22362869198312235
0.09962406015037593
0.3291139240506329
0.14661654135338345
0.228310502283105
0.2604166666666667
0.17123287671232876
0.1953125
0.2668463611859838
0.3256578947368421
0.20485175202156333
0.25
0.14354066985645933
0.1485148514851485
0.09569377990430622
0.09900990099009901
0.13839285714285715
0.27312775330396477
0.08482142857142858
0.16740088105726872
0.12721893491124261
0.14930555555555555
0.31952662721893493
0.375
0.16539440203562342
0.18156424581005587
0.21882951653944022
0.24022346368715083
0.397708674304419
16.2
0.07692307692307693
3.1333333333333333
1.0514705882352942
0.23252032520325203
1.0808823529411764
0.23902439024390243
0.04815864022662889
0.054140127388535034
0.059490084985835696
0.06687898089171974
0.04645476772616137
0.04513064133016627
0.04645476772616137
0.04513064133016627
0.07692307692307693
0.0676056338028169
1.2147435897435896
1.0676056338028168
0.05802047781569966
0.03165735567970205
1.31740614334471
0.7188081936685289
