0.23076923076923078
0.38671875
0.17715617715617715
0.296875
0.26107226107226106
0.6187845303867403
0.14685314685314685
0.34806629834254144
0.24233128834355827
0.2200557103064067
0.20245398773006135
0.18384401114206128
0.18478260869565216
0.15269461077844312
0.34057971014492755
0.281437125748503
0.25287356321839083
0.2702702702702703
0.2367816091954023
0.25307125307125306
0.42010309278350516
0.5582191780821918
0.12886597938144329
0.17123287671232876
0.14805825242718446
0.14186046511627906
0.11165048543689321
0.10697674418604651
0.12101910828025478
0.2727272727272727
0.10615711252653928
0.23923444976076555
0.10882352941176471
0.13553113553113552
0.42058823529411765
0.5238095238095238
0.23782234957020057
0.24924924924924924
0.27793696275071633
0.2912912912912913
0.44402985074626866
3.090909090909091
0.15298507462686567
1.0649350649350648
0.8839285714285714
0.1736842105263158
1.9732142857142858
0.387719298245614
0.05970149253731343
0.06006006006006006
0.056716417910447764
0.057057057057057055
0.05737704918032787
0.0430327868852459
0.04918032786885246
0.036885245901639344
0.06287425149700598
0.06287425149700598
1.3173652694610778
1.3173652694610778
0.04776119402985075
0.030828516377649325
1.328358208955224
0.8574181117533719
