0.5245901639344263
0.5405405405405406
0.15737704918032788
0.16216216216216217
0.3932853717026379
0.5046153846153846
0.10551558752997602
0.13538461538461538
0.16606498194945848
0.1419753086419753
0.18050541516245489
0.15432098765432098
0.1284722222222222
0.08149779735682819
0.2048611111111111
0.1299559471365639
0.23449612403100775
0.3507246376811594
0.17829457364341086
0.26666666666666666
0.27350427350427353
0.7231638418079096
0.18162393162393162
0.480225988700565
0.12688172043010754
0.14898989898989898
0.06881720430107527
0.08080808080808081
0.166189111747851
0.19594594594594594
0.09455587392550144
0.11148648648648649
0.17263843648208468
0.17905405405405406
0.2931596091205212
0.30405405405405406
0.15034168564920272
0.21926910299003322
0.17539863325740318
0.2558139534883721
0.3059071729957806
1.124031007751938
0.2552742616033755
0.937984496124031
0.896551724137931
0.2184873949579832
0.9379310344827586
0.22857142857142856
0.05357142857142857
0.04938271604938271
0.07142857142857142
0.06584362139917696
0.03216374269005848
0.015781922525107604
0.049707602339181284
0.024390243902439025
0.1111111111111111
0.09561752988047809
1.6527777777777777
1.4223107569721116
0.04405286343612335
0.012315270935960592
1.6343612334801763
0.45689655172413796
