0.28532608695652173
0.49295774647887325
0.24456521739130435
0.4225352112676056
0.3263888888888889
0.5802469135802469
0.125
0.2222222222222222
0.3898305084745763
0.26666666666666666
0.2330508474576271
0.15942028985507245
0.2066420664206642
0.13861386138613863
0.33579335793357934
0.22524752475247525
0.2694736842105263
0.6213592233009708
0.1957894736842105
0.45145631067961167
0.6535947712418301
0.41237113402061853
0.06862745098039216
0.04329896907216495
0.2423076923076923
0.1496437054631829
0.2230769230769231
0.1377672209026128
0.1341991341991342
0.1884498480243161
0.1277056277056277
0.17933130699088146
0.05994550408719346
0.08943089430894309
0.335149863760218
0.5
0.3217993079584775
0.2627118644067797
0.17993079584775087
0.14689265536723164
0.2580037664783427
1.670731707317073
0.1544256120527307
1.0
0.8705882352941177
0.13261648745519714
1.7058823529411764
0.25985663082437277
0.17201166180758018
0.1486146095717884
0.10204081632653061
0.08816120906801007
0.15072463768115943
0.1343669250645995
0.12173913043478261
0.10852713178294573
0.046798029556650245
0.05688622754491018
0.6182266009852216
0.7514970059880239
0.11781609195402298
0.10677083333333333
0.6580459770114943
0.5963541666666666
