0.2392638036809816
0.3183673469387755
0.2147239263803681
0.2857142857142857
0.2613065326633166
0.32601880877742945
0.11055276381909548
0.13793103448275862
0.23412698412698413
0.18495297805642633
0.20238095238095238
0.15987460815047022
0.19215686274509805
0.10606060606060606
0.23921568627450981
0.13203463203463203
0.25396825396825395
0.2696629213483146
0.18783068783068782
0.199438202247191
0.30687830687830686
0.31607629427792916
0.1349206349206349
0.13896457765667575
0.1736111111111111
0.11210762331838565
0.1423611111111111
0.09192825112107623
0.12032085561497326
0.12129380053908356
0.12299465240641712
0.12398921832884097
0.09717868338557993
0.11191335740072202
0.3448275862068966
0.3971119133574007
0.1691542288557214
0.23448275862068965
0.18159203980099503
0.2517241379310345
0.36347517730496454
6.40625
0.0851063829787234
1.5
0.9292035398230089
0.18134715025906736
1.3097345132743363
0.2556131260794473
0.04941860465116279
0.04788732394366197
0.05232558139534884
0.05070422535211268
0.05337078651685393
0.04481132075471698
0.0449438202247191
0.03773584905660377
0.06229508196721312
0.048223350253807105
1.1147540983606556
0.8629441624365483
0.043478260869565216
0.038834951456310676
0.9320652173913043
0.8325242718446602
