0.232
0.44387755102040816
0.24
0.45918367346938777
0.36220472440944884
0.32701421800947866
0.10236220472440945
0.0924170616113744
0.29277566539923955
0.25
0.19771863117870722
0.16883116883116883
0.12568306010928962
0.10526315789473684
0.226775956284153
0.18993135011441648
0.33496332518337407
0.3848314606741573
0.20537897310513448
0.23595505617977527
0.5371900826446281
0.46987951807228917
0.07162534435261708
0.06265060240963856
0.20535714285714285
0.08502772643253234
0.17410714285714285
0.07208872458410351
0.12535612535612536
0.10304449648711944
0.1168091168091168
0.09601873536299765
0.048484848484848485
0.0431266846361186
0.3393939393939394
0.3018867924528302
0.21301775147928995
0.21492537313432836
0.16568047337278108
0.16716417910447762
0.22291993720565148
2.21875
0.10047095761381476
1.0
0.7717391304347826
0.12220309810671257
1.4673913043478262
0.23235800344234078
0.1672473867595819
0.12090680100755667
0.08710801393728224
0.06297229219143577
0.128
0.09917355371900827
0.06666666666666667
0.05165289256198347
0.07453416149068323
0.06629834254143646
0.7360248447204969
0.6546961325966851
0.05277777777777778
0.03807615230460922
0.6722222222222223
0.4849699398797595
