0.22065727699530516
0.4585365853658537
0.15023474178403756
0.3121951219512195
0.2655086848635236
0.5544041450777202
0.12655086848635236
0.26424870466321243
0.20125786163522014
0.20447284345047922
0.18238993710691823
0.1853035143769968
0.16030534351145037
0.12574850299401197
0.3053435114503817
0.23952095808383234
0.1860036832412523
0.28370786516853935
0.15469613259668508
0.23595505617977527
0.2024793388429752
0.6049382716049383
0.1797520661157025
0.5370370370370371
0.11992263056092843
0.16230366492146597
0.06382978723404255
0.08638743455497382
0.17365269461077845
0.1858974358974359
0.11077844311377245
0.11858974358974358
0.25
0.277992277992278
0.3541666666666667
0.3938223938223938
0.2601880877742947
0.2299168975069252
0.2852664576802508
0.2520775623268698
0.44889779559118237
4.666666666666667
0.15030060120240482
1.5625
0.8473282442748091
0.20218579234972678
1.4351145038167938
0.3424408014571949
0.04924242424242424
0.06341463414634146
0.056818181818181816
0.07317073170731707
0.030303030303030304
0.013404825737265416
0.05454545454545454
0.024128686327077747
0.09905660377358491
0.08171206225680934
2.0
1.649805447470817
0.16666666666666666
0.023305084745762712
3.2045454545454546
0.4480932203389831
