0.26285714285714284
0.3382352941176471
0.23714285714285716
0.30514705882352944
0.27400468384074944
0.3952702702702703
0.1358313817330211
0.19594594594594594
0.2903225806451613
0.23615160349854228
0.2222222222222222
0.18075801749271136
0.16346153846153846
0.12408759124087591
0.2948717948717949
0.22384428223844283
0.32587064676616917
0.3608815426997245
0.208955223880597
0.23140495867768596
0.5765472312703583
0.3597560975609756
0.1237785016286645
0.07723577235772358
0.18507462686567164
0.14418604651162792
0.12238805970149254
0.09534883720930233
0.12238805970149254
0.08836206896551724
0.18507462686567164
0.1336206896551724
0.0764525993883792
0.08064516129032258
0.3730886850152905
0.3935483870967742
0.2177650429799427
0.2116991643454039
0.2034383954154728
0.1977715877437326
0.3279279279279279
2.2195121951219514
0.16216216216216217
1.0975609756097562
0.9120879120879121
0.13452188006482982
2.076923076923077
0.3063209076175041
0.1355421686746988
0.11450381679389313
0.09337349397590361
0.07888040712468193
0.11286681715575621
0.12626262626262627
0.05869074492099323
0.06565656565656566
0.059490084985835696
0.056451612903225805
0.9121813031161473
0.8655913978494624
0.07123287671232877
0.05485232067510549
0.8684931506849315
0.6687763713080169
