0.4016393442622951
0.5833333333333334
0.20765027322404372
0.30158730158730157
0.46285714285714286
0.49693251533742333
0.1742857142857143
0.18711656441717792
0.2334384858044164
0.24584717607973422
0.23974763406940064
0.25249169435215946
0.1872791519434629
0.13486005089058525
0.34275618374558303
0.24681933842239187
0.24791666666666667
0.35
0.23333333333333334
0.32941176470588235
0.4697406340057637
0.4880239520958084
0.19596541786743515
0.20359281437125748
0.2196969696969697
0.20518867924528303
0.1388888888888889
0.12971698113207547
0.1820580474934037
0.22847682119205298
0.19261213720316622
0.24172185430463577
0.20833333333333334
0.2320675105485232
0.4696969696969697
0.5232067510548524
0.24404761904761904
0.17943107221006566
0.28869047619047616
0.212253829321663
0.5258426966292135
4.178571428571429
0.1707865168539326
1.3571428571428572
0.9504132231404959
0.17113095238095238
1.6115702479338843
0.29017857142857145
0.08333333333333333
0.1
0.06720430107526881
0.08064516129032258
0.0881542699724518
0.07017543859649122
0.06611570247933884
0.05263157894736842
0.10135135135135136
0.07772020725388601
1.3614864864864864
1.044041450777202
0.05588235294117647
0.03966597077244259
1.2176470588235293
0.8643006263048016
