0.26595744680851063
0.3816793893129771
0.19148936170212766
0.2748091603053435
0.21484375
0.5729166666666666
0.12109375
0.3229166666666667
0.2264808362369338
0.18518518518518517
0.27177700348432055
0.2222222222222222
0.2490118577075099
0.13968957871396895
0.31620553359683795
0.17738359201773837
0.3263473053892216
0.315028901734104
0.2964071856287425
0.2861271676300578
0.3388235294117647
0.34532374100719426
0.15058823529411763
0.15347721822541965
0.30837004405286345
0.1545253863134658
0.16299559471365638
0.08167770419426049
0.13970588235294118
0.1313364055299539
0.12254901960784313
0.1152073732718894
0.16109422492401215
0.1815068493150685
0.3100303951367781
0.3493150684931507
0.1590909090909091
0.2491103202846975
0.19318181818181818
0.302491103202847
0.36
4.5
0.12347826086956522
1.5434782608695652
0.7985611510791367
0.19072164948453607
1.2014388489208634
0.2869415807560137
0.03747072599531616
0.045454545454545456
0.04215456674473068
0.05113636363636364
0.07063197026022305
0.04008438818565401
0.055762081784386616
0.03164556962025317
0.05405405405405406
0.033126293995859216
1.2939189189189189
0.7929606625258799
0.0539906103286385
0.07255520504731862
0.8826291079812206
1.1861198738170347
