0.19047619047619047
0.24242424242424243
0.1693121693121693
0.21548821548821548
0.20093457943925233
0.44329896907216493
0.11682242990654206
0.25773195876288657
0.20249221183800623
0.18361581920903955
0.18691588785046728
0.1694915254237288
0.13015873015873017
0.13355048859934854
0.26666666666666666
0.2736156351791531
0.19047619047619047
0.25263157894736843
0.14682539682539683
0.19473684210526315
0.2517985611510791
0.4251012145748988
0.15587529976019185
0.2631578947368421
0.1125
0.13366336633663367
0.07708333333333334
0.09158415841584158
0.12359550561797752
0.2511415525114155
0.08089887640449438
0.1643835616438356
0.14754098360655737
0.1541095890410959
0.3180327868852459
0.3321917808219178
0.20857142857142857
0.20857142857142857
0.19714285714285715
0.19714285714285715
0.3723404255319149
6.363636363636363
0.07624113475177305
1.303030303030303
0.7857142857142857
0.19642857142857142
1.0214285714285714
0.25535714285714284
0.049315068493150684
0.06228373702422145
0.038356164383561646
0.04844290657439446
0.043478260869565216
0.030418250950570342
0.043478260869565216
0.030418250950570342
0.06645569620253164
0.0621301775147929
1.0822784810126582
1.0118343195266273
0.029315960912052116
0.015332197614991482
1.1530944625407167
0.6030664395229983
