0.26605504587155965
0.25892857142857145
0.16819571865443425
0.1636904761904762
0.21739130434782608
0.31954887218045114
0.14578005115089515
0.21428571428571427
0.16176470588235295
0.17027863777089783
0.15294117647058825
0.1609907120743034
0.1078167115902965
0.13986013986013987
0.18059299191374664
0.23426573426573427
0.2184873949579832
0.2810810810810811
0.1323529411764706
0.17027027027027028
0.19212962962962962
0.3547008547008547
0.19444444444444445
0.358974358974359
0.1111111111111111
0.13756613756613756
0.0641025641025641
0.07936507936507936
0.13705583756345177
0.19852941176470587
0.07106598984771574
0.10294117647058823
0.2012779552715655
0.20930232558139536
0.19488817891373802
0.2026578073089701
0.15680473372781065
0.14402173913043478
0.21005917159763313
0.19293478260869565
0.792
0.5439560439560439
0.156
0.10714285714285714
0.4896265560165975
0.2537634408602151
0.49377593360995853
0.25591397849462366
0.042134831460674156
0.04807692307692308
0.042134831460674156
0.04807692307692308
0.034574468085106384
0.027777777777777776
0.04521276595744681
0.03632478632478633
0.07473309608540925
0.05426356589147287
1.103202846975089
0.8010335917312662
0.03225806451612903
0.02947845804988662
0.7890818858560794
0.7210884353741497
