0.2659279778393352
0.3855421686746988
0.2077562326869806
0.30120481927710846
0.3145780051150895
0.3704819277108434
0.12276214833759591
0.14457831325301204
0.2413793103448276
0.18051575931232092
0.26053639846743293
0.19484240687679083
0.18275862068965518
0.12240184757505773
0.2689655172413793
0.18013856812933027
0.25851703406813625
0.3394736842105263
0.1402805611222445
0.18421052631578946
0.25
0.3560606060606061
0.27925531914893614
0.3977272727272727
0.12474012474012475
0.1507537688442211
0.0893970893970894
0.10804020100502512
0.18911174785100288
0.2268041237113402
0.10601719197707736
0.12714776632302405
0.14501510574018128
0.1605351170568562
0.338368580060423
0.3745819397993311
0.16707616707616707
0.22972972972972974
0.22604422604422605
0.3108108108108108
0.3936731107205624
3.6721311475409837
0.13884007029876977
1.2950819672131149
0.8099173553719008
0.16838487972508592
1.6942148760330578
0.35223367697594504
0.06761565836298933
0.06070287539936102
0.06405693950177936
0.05750798722044728
0.04239401496259352
0.03244274809160305
0.04987531172069826
0.03816793893129771
0.1056338028169014
0.0967741935483871
1.3943661971830985
1.2774193548387096
0.043478260869565216
0.020766773162939296
1.3812709030100334
0.6597444089456869
