0.19047619047619047
0.26865671641791045
0.20105820105820105
0.2835820895522388
0.2367816091954023
0.34219269102990035
0.10344827586206896
0.14950166112956811
0.2222222222222222
0.16893732970027248
0.1827956989247312
0.13896457765667575
0.14423076923076922
0.10613207547169812
0.21794871794871795
0.16037735849056603
0.28012048192771083
0.25833333333333336
0.1897590361445783
0.175
0.4187725631768953
0.21682242990654205
0.1444043321299639
0.07476635514018691
0.2857142857142857
0.09671179883945841
0.3142857142857143
0.10638297872340426
0.15857605177993528
0.09741550695825049
0.18122977346278318
0.11133200795228629
0.07417582417582418
0.08231707317073171
0.260989010989011
0.2896341463414634
0.181360201511335
0.24573378839590443
0.12594458438287154
0.17064846416382254
0.2539936102236422
2.409090909090909
0.12939297124600638
1.2272727272727273
0.8
0.12
1.8666666666666667
0.28
0.12238805970149254
0.10789473684210527
0.08059701492537313
0.07105263157894737
0.12275449101796407
0.09010989010989011
0.08083832335329341
0.05934065934065934
0.06832298136645963
0.05597964376590331
0.84472049689441
0.6921119592875318
0.06994818652849741
0.06699751861042183
0.6917098445595855
0.6625310173697271
