0.27365728900255754
0.42292490118577075
0.1918158567774936
0.2964426877470356
0.3760932944606414
0.45104895104895104
0.15451895043731778
0.1853146853146853
0.20253164556962025
0.1951219512195122
0.17721518987341772
0.17073170731707318
0.22943722943722944
0.13316582914572864
0.29004329004329005
0.16834170854271358
0.2576832151300236
0.2718204488778055
0.1938534278959811
0.20448877805486285
0.24484536082474226
0.28273809523809523
0.24742268041237114
0.2857142857142857
0.16296296296296298
0.1575178997613365
0.1111111111111111
0.10739856801909307
0.18699186991869918
0.19436619718309858
0.11382113821138211
0.11830985915492957
0.2765957446808511
0.2846715328467153
0.30141843971631205
0.3102189781021898
0.16981132075471697
0.18208092485549132
0.2695417789757412
0.28901734104046245
0.4804928131416838
3.391304347826087
0.1704312114989733
1.2028985507246377
1.0693069306930694
0.17532467532467533
2.0693069306930694
0.3392857142857143
0.04747774480712166
0.05653710247349823
0.050445103857566766
0.06007067137809187
0.0398936170212766
0.02717391304347826
0.047872340425531915
0.03260869565217391
0.10317460317460317
0.07065217391304347
1.6706349206349207
1.1440217391304348
0.04439252336448598
0.038
1.0
0.856
