0.31843575418994413
0.43846153846153846
0.17318435754189945
0.23846153846153847
0.28361858190709044
0.46215139442231074
0.1466992665036675
0.23904382470119523
0.22185430463576158
0.2120253164556962
0.18874172185430463
0.18037974683544303
0.1601423487544484
0.11873350923482849
0.28113879003558717
0.20844327176781002
0.2175824175824176
0.3065015479876161
0.2043956043956044
0.28792569659442724
0.5067114093959731
0.33186813186813185
0.13758389261744966
0.09010989010989011
0.18902439024390244
0.13777777777777778
0.1402439024390244
0.10222222222222223
0.117096018735363
0.15337423312883436
0.1358313817330211
0.17791411042944785
0.0970873786407767
0.11070110701107011
0.3948220064724919
0.45018450184501846
0.23582089552238805
0.21763085399449036
0.21791044776119403
0.20110192837465565
0.35070140280561124
2.1604938271604937
0.15831663326653306
0.9753086419753086
0.7333333333333333
0.12984822934232715
1.6857142857142857
0.2984822934232715
0.08787878787878788
0.07859078590785908
0.06666666666666667
0.05962059620596206
0.07804878048780488
0.07582938388625593
0.046341463414634146
0.045023696682464455
0.06984126984126984
0.057291666666666664
1.0571428571428572
0.8671875
0.0446927374301676
0.03375527426160337
0.946927374301676
0.7151898734177216
