0.2326283987915408
0.3055555555555556
0.1933534743202417
0.25396825396825395
0.2131578947368421
0.2745762711864407
0.15789473684210525
0.2033898305084746
0.28793774319066145
0.22699386503067484
0.20233463035019456
0.15950920245398773
0.23008849557522124
0.11581291759465479
0.3274336283185841
0.16481069042316257
0.2802547770700637
0.21890547263681592
0.25477707006369427
0.19900497512437812
0.40728476821192056
0.2622601279317697
0.1490066225165563
0.09594882729211088
0.25316455696202533
0.12526096033402923
0.16455696202531644
0.081419624217119
0.10307017543859649
0.1492063492063492
0.11403508771929824
0.16507936507936508
0.07430340557275542
0.09090909090909091
0.35294117647058826
0.4318181818181818
0.20699708454810495
0.21646341463414634
0.19533527696793002
0.20426829268292682
0.3115079365079365
1.891566265060241
0.1746031746031746
1.0602409638554218
1.0
0.12583892617449666
2.2666666666666666
0.28523489932885904
0.08403361344537816
0.08498583569405099
0.0700280112044818
0.0708215297450425
0.0921409214092141
0.08333333333333333
0.056910569105691054
0.051470588235294115
0.06811145510835913
0.056847545219638244
0.9473684210526315
0.7906976744186046
0.06027397260273973
0.05339805825242718
0.8383561643835616
0.7427184466019418
