0.23626373626373626
0.3233082706766917
0.15384615384615385
0.21052631578947367
0.23469387755102042
0.31186440677966104
0.12755102040816327
0.1694915254237288
0.18037974683544303
0.18152866242038215
0.2088607594936709
0.21019108280254778
0.15073529411764705
0.09879518072289156
0.3014705882352941
0.19759036144578312
0.22043010752688172
0.18385650224215247
0.22043010752688172
0.18385650224215247
0.25862068965517243
0.3025936599423631
0.14532019704433496
0.17002881844380405
0.13513513513513514
0.13381995133819952
0.11302211302211303
0.11192214111922141
0.12133891213389121
0.2109090909090909
0.0899581589958159
0.15636363636363637
0.13725490196078433
0.15
0.3104575163398693
0.3392857142857143
0.17632241813602015
0.20958083832335328
0.16876574307304787
0.20059880239520958
0.37335834896810505
3.7547169811320753
0.12382739212007504
1.2452830188679245
0.8454545454545455
0.1497584541062802
1.5636363636363637
0.27697262479871176
0.06907894736842106
0.06051873198847262
0.0625
0.05475504322766571
0.05412371134020619
0.039473684210526314
0.04896907216494845
0.03571428571428571
0.08196721311475409
0.07225433526011561
1.1049180327868853
0.9739884393063584
0.04823151125401929
0.024630541871921183
1.1157556270096463
0.5697865353037767
