0.35174418604651164
0.44649446494464945
0.17151162790697674
0.2177121771217712
0.32367149758454106
0.42948717948717946
0.1111111111111111
0.14743589743589744
0.2028985507246377
0.16519174041297935
0.18840579710144928
0.15339233038348082
0.14393939393939395
0.08225108225108226
0.26515151515151514
0.15151515151515152
0.22863247863247863
0.2772020725388601
0.1752136752136752
0.21243523316062177
0.27699530516431925
0.4573643410852713
0.16666666666666666
0.2751937984496124
0.12949640287769784
0.12356979405034325
0.1079136690647482
0.10297482837528604
0.14055299539170507
0.244
0.08755760368663594
0.152
0.17701863354037267
0.18506493506493507
0.2236024844720497
0.23376623376623376
0.14691943127962084
0.21453287197231835
0.15876777251184834
0.23183391003460208
0.3283333333333333
6.566666666666666
0.09666666666666666
1.9333333333333333
0.8403361344537815
0.16891891891891891
1.3025210084033614
0.26182432432432434
0.05373134328358209
0.059602649006622516
0.04776119402985075
0.052980132450331126
0.041463414634146344
0.034623217922606926
0.041463414634146344
0.034623217922606926
0.08214285714285714
0.06442577030812324
1.167857142857143
0.9159663865546218
0.046052631578947366
0.023450586264656615
1.105263157894737
0.5628140703517588
