0.3477088948787062
0.45104895104895104
0.1752021563342318
0.22727272727272727
0.3191489361702128
0.6617647058823529
0.13947990543735225
0.28921568627450983
0.21103896103896103
0.18624641833810887
0.17207792207792208
0.1518624641833811
0.13513513513513514
0.12084592145015106
0.2635135135135135
0.23564954682779457
0.21222410865874364
0.41254125412541254
0.14091680814940577
0.2739273927392739
0.36486486486486486
0.3385579937304075
0.33783783783783783
0.31347962382445144
0.11187607573149742
0.2090032154340836
0.06712564543889846
0.12540192926045016
0.23127035830618892
0.2305194805194805
0.10749185667752444
0.10714285714285714
0.22012578616352202
0.2348993288590604
0.36792452830188677
0.3926174496644295
0.208955223880597
0.3157894736842105
0.2562189054726368
0.38721804511278196
0.4923599320882852
10.74074074074074
0.08149405772495756
1.7777777777777777
1.0
0.30724070450097846
1.1528662420382165
0.3542074363992172
0.07116104868913857
0.11801242236024845
0.06367041198501873
0.10559006211180125
0.03216374269005848
0.014925373134328358
0.07309941520467836
0.033921302578018994
0.13636363636363635
0.09523809523809523
2.6420454545454546
1.8452380952380953
0.24107142857142858
0.027921406411582212
4.125
0.47776628748707345
