115.34783935546875
94.5953140258789
118.97591400146484
-40.171302795410156
0
118.1557846069336
87.13517761230469
105.27222442626953
85.25472259521484
116.41883850097656
109.35089874267578
-37.79969024658203
128.23086547851562
106.77485656738281
-33.02539825439453
134.169189453125
125.52699279785156
109.80516815185547
129.5567626953125
128.85678100585938
-44.566139221191406
127.55358123779297
112.83159637451172
87.1429672241211
117.5964584350586
131.37501525878906
97.4673080444336
87.17438507080078
117.69034576416016
101.01016998291016
93.64791107177734
85.97671508789062
88.7202377319336
95.0866470336914
88.82206726074219
92.2092514038086
88.05889892578125
118.32447814941406
126.42943572998047
112.0498046875
-38.168922424316406
-27.95427703857422
6.867185592651367
59.39208221435547
127.97706604003906
115.60186767578125
0.14021176099777222
-36.81376266479492
88.94329071044922
90.55302429199219
89.99722290039062
90.19650268554688
90.17134857177734
90.09664916992188
90.89996337890625
90.5984878540039
89.51923370361328
88.84627532958984
95.89258575439453
89.33504486083984
90.31449127197266
90.39788055419922
82.34359741210938
0
