123.53380584716797
62.747371673583984
129.943115234375
-25.481563568115234
133.2466278076172
132.6053466796875
114.35983276367188
133.11582946777344
129.74411010742188
124.34667205810547
90.3429946899414
85.46009063720703
134.62936401367188
107.37328338623047
-39.00620651245117
116.3567123413086
-44.201927185058594
-32.509422302246094
127.63294982910156
-42.91796875
-30.430667877197266
-37.072994232177734
96.6086654663086
-34.3425407409668
103.09908294677734
133.97299194335938
91.9188232421875
90.37187194824219
97.0425796508789
97.03463745117188
91.82547760009766
86.54882049560547
81.95466613769531
105.35252380371094
88.08277893066406
92.33867645263672
88.87140655517578
117.41818237304688
-33.65886306762695
117.29288482666016
-23.517675399780273
-24.00033950805664
8.989465713500977
19.592208862304688
127.24761199951172
129.63233947753906
21.56571388244629
-32.00185012817383
90.42720794677734
90.20716094970703
90.8170394897461
89.88755798339844
90.14991760253906
90.1134262084961
89.62525939941406
89.82618713378906
88.07379913330078
90.81778717041016
92.24781036376953
89.15201568603516
90.9190673828125
89.49530029296875
92.12884521484375
0
