113.87608337402344
99.85285949707031
117.3482894897461
127.12128448486328
111.1368408203125
109.16798400878906
93.02669525146484
113.88227844238281
87.61900329589844
86.34357452392578
102.218017578125
115.9535140991211
111.43785095214844
98.17525482177734
126.57633972167969
119.34152221679688
116.7789306640625
119.09285736083984
126.60991668701172
121.57503509521484
116.5356674194336
0
111.91876220703125
125.47376251220703
116.69904327392578
128.2158203125
104.86956024169922
-44.06043243408203
116.03003692626953
125.61126708984375
124.65869903564453
97.25566101074219
87.5977783203125
99.10966491699219
89.78426361083984
89.82362365722656
89.34693145751953
113.55963897705078
112.00005340576172
90.96710205078125
-35.56106185913086
132.6392364501953
34.462581634521484
112.79330444335938
120.88323211669922
96.2201919555664
-27.23985481262207
131.71717834472656
84.69869995117188
93.78997039794922
87.74391174316406
91.56686401367188
90.46245574951172
90.2249984741211
90.3843765258789
90.38492584228516
90.44963836669922
89.38703155517578
93.3602523803711
91.47954559326172
90.0169677734375
90.49148559570312
89.69891357421875
113.5146484375
