115.4171371459961
93.52100372314453
122.71398162841797
-28.18976593017578
0
104.77618408203125
88.93411254882812
92.87529754638672
107.33854675292969
88.71038055419922
95.6954345703125
88.95535278320312
119.6565933227539
98.4747314453125
80.54032897949219
128.60267639160156
131.35488891601562
132.35108947753906
128.35037231445312
125.2729263305664
124.04828643798828
128.66796875
130.88339233398438
111.59998321533203
107.53365325927734
125.33493041992188
95.24410247802734
88.71883392333984
122.16793060302734
97.72277069091797
94.73090362548828
88.0684585571289
86.7679214477539
96.50660705566406
90.910400390625
89.86885833740234
73.18335723876953
122.52870178222656
120.07264709472656
114.19332122802734
0
0
0
0
131.52261352539062
112.80693817138672
115.58747100830078
132.780517578125
90.74006652832031
91.55255889892578
90.43383026123047
90.35714721679688
89.81390380859375
90.42547607421875
90.05778503417969
89.62125396728516
89.92410278320312
90.2063980102539
88.47555541992188
90.47791290283203
89.8701171875
90.58811950683594
0
104.90001678466797
