115.52999114990234
99.26303100585938
120.5661849975586
-42.81773376464844
0
102.5411605834961
89.20555877685547
87.58384704589844
120.7943115234375
85.2790298461914
92.83246612548828
126.45085906982422
119.04023742675781
93.21115112304688
83.21902465820312
93.3666000366211
-43.70557403564453
126.4743423461914
128.67672729492188
75.45037841796875
121.7312240600586
123.13179779052734
131.77183532714844
93.6437759399414
107.5489273071289
124.37755584716797
88.73552703857422
92.59737396240234
82.92862701416016
90.97966766357422
90.68035125732422
88.9804458618164
84.52298736572266
102.2541732788086
91.89190673828125
93.2978515625
86.61726379394531
116.59976196289062
-41.92534255981445
114.890625
-17.92557144165039
-37.04886245727539
7.213303089141846
114.36939239501953
124.87149047851562
126.36322784423828
-27.141427993774414
-43.738059997558594
90.04791259765625
90.35140228271484
89.68392944335938
90.30255126953125
89.48340606689453
90.18937683105469
91.37265014648438
91.28602600097656
88.44664764404297
91.23577880859375
93.08111572265625
95.90290069580078
90.37107849121094
0
0
0
