115.8016128540039
100.47744750976562
125.38079833984375
-37.13673782348633
96.45513153076172
113.15476989746094
86.57926940917969
100.41700744628906
123.36526489257812
122.76325225830078
103.2773208618164
82.6598129272461
-44.98783874511719
108.96187591552734
-31.843639373779297
-35.65250778198242
133.72683715820312
-0.2833271026611328
129.524169921875
130.893798828125
128.92864990234375
126.80620574951172
126.79013061523438
121.63438415527344
110.86214447021484
128.84771728515625
89.58699798583984
87.47227478027344
116.42433166503906
119.0966567993164
96.44637298583984
90.47938537597656
89.88682556152344
93.1745834350586
89.72624969482422
91.2779769897461
93.06233978271484
83.07401275634766
-38.950435638427734
111.70267486572266
0
6.11256217956543
0
5.991121292114258
127.65006256103516
127.42286682128906
-34.55888748168945
-40.582523345947266
89.80498504638672
89.81732940673828
90.1256103515625
90.81920623779297
89.7511215209961
89.9789047241211
90.34185791015625
89.71489715576172
90.28694915771484
89.21507263183594
89.6939926147461
89.71914672851562
91.12120819091797
90.81494140625
91.961181640625
104.55376434326172
