118.42261505126953
112.9240951538086
120.0352783203125
-39.14016342163086
0
107.1419448852539
89.76898956298828
97.0438461303711
102.91522979736328
87.24211120605469
90.96444702148438
97.54621124267578
124.8258056640625
100.6676025390625
76.18280029296875
115.79719543457031
126.8140869140625
127.99144744873047
127.06873321533203
121.89400482177734
127.98210906982422
115.06614685058594
127.45391082763672
112.67650604248047
114.28402709960938
124.1284408569336
93.64124298095703
90.5546875
83.73448944091797
115.65435028076172
95.19231414794922
85.26058959960938
90.2903060913086
91.53356170654297
90.30582427978516
90.34089660644531
87.61678314208984
82.7868881225586
128.8335418701172
110.08574676513672
-38.581886291503906
133.0177459716797
63.28129959106445
126.65693664550781
125.2532958984375
114.40120697021484
-28.19249153137207
133.62921142578125
89.80978393554688
88.41792297363281
90.24784851074219
89.68799591064453
91.2824935913086
89.89521026611328
89.68377685546875
89.95387268066406
89.77786254882812
89.421142578125
95.14037322998047
91.5235366821289
90.48223876953125
89.9875259399414
90.07456970214844
92.71626281738281
