116.2963638305664
105.9102554321289
121.09652709960938
-42.764163970947266
99.45228576660156
123.91515350341797
132.11553955078125
108.83219146728516
88.48060607910156
85.65498352050781
102.14021301269531
127.01594543457031
126.12109375
109.33260345458984
107.40430450439453
123.13368225097656
129.3085479736328
-33.175193786621094
130.15777587890625
126.95069122314453
132.26394653320312
-42.95289611816406
128.25912475585938
79.80838012695312
107.77726745605469
85.10836029052734
88.90457153320312
90.99921417236328
91.65416717529297
89.79598236083984
93.38166809082031
89.94222259521484
89.01080322265625
96.96319580078125
87.51597595214844
94.96734619140625
89.49507904052734
115.71576690673828
-37.63614273071289
110.22394561767578
0
0
0
0
129.35067749023438
120.13099670410156
-42.58380889892578
-44.26014709472656
89.8886489868164
90.03569030761719
90.60095977783203
89.94340515136719
89.89157104492188
90.19417572021484
90.01165771484375
89.78113555908203
90.65631866455078
91.05523681640625
85.7686538696289
96.2220458984375
89.76626586914062
90.13920593261719
91.9780502319336
0
