121.4101791381836
89.57769775390625
87.95014190673828
125.43802642822266
106.00924682617188
107.63394927978516
87.38652801513672
91.3620376586914
131.10646057128906
79.12721252441406
87.91617584228516
88.09889221191406
126.99333953857422
98.44174194335938
78.47370147705078
123.52029418945312
123.82842254638672
120.08406066894531
125.5528793334961
115.75509643554688
95.15309143066406
112.91236114501953
115.3215560913086
-11.323115348815918
132.01400756835938
124.73383331298828
114.52111053466797
-25.486692428588867
127.1788330078125
128.01473999023438
126.8573226928711
128.73065185546875
89.25812530517578
91.06163024902344
89.73711395263672
88.6298599243164
-27.234922409057617
108.28947448730469
98.20135498046875
105.33512878417969
-43.368534088134766
127.6037368774414
35.45225524902344
116.96223449707031
113.0982894897461
-44.500118255615234
128.6056671142578
127.44673919677734
87.54605102539062
89.32103729248047
89.51737213134766
90.65678405761719
123.43682098388672
127.078857421875
84.82438659667969
96.40959930419922
91.60813903808594
89.85176086425781
85.35498809814453
87.892578125
89.34305572509766
88.13665771484375
79.32136535644531
87.52511596679688
