125.52452087402344
114.60980987548828
126.96807861328125
-37.897064208984375
119.29257202148438
110.87273406982422
120.88924407958984
107.50360107421875
90.03108215332031
120.33894348144531
95.06512451171875
94.00481414794922
124.24867248535156
118.42583465576172
-27.893421173095703
70.48882293701172
131.25877380371094
121.04808044433594
123.52578735351562
118.65829467773438
119.09497833251953
128.3944549560547
118.09435272216797
129.0979461669922
105.53067016601562
85.5438461303711
94.38876342773438
93.65503692626953
114.6008071899414
93.0888442993164
66.37640380859375
94.12437438964844
90.1723861694336
90.79239654541016
90.82589721679688
91.07292938232422
-40.74449157714844
111.09355163574219
-41.64332580566406
95.99504089355469
101.98651885986328
-43.213661193847656
8.53361988067627
128.38140869140625
123.36507415771484
124.48810577392578
-36.06351089477539
133.1609649658203
89.84162139892578
90.15644073486328
90.03455352783203
90.32523345947266
88.09123992919922
90.98491668701172
90.05392456054688
90.14881896972656
90.07935333251953
90.15782928466797
90.31503295898438
89.7039566040039
89.72566223144531
89.73655700683594
89.30918884277344
92.4135513305664
