121.75226593017578
100.26219940185547
113.91264343261719
130.58547973632812
119.68234252929688
97.31521606445312
114.9684066772461
95.22056579589844
100.56853485107422
80.72944641113281
89.2607192993164
91.34126281738281
122.78336334228516
100.17163848876953
80.6993179321289
105.44975280761719
95.40321350097656
122.98087310791016
124.16738891601562
102.91547393798828
121.84133911132812
100.94802856445312
109.96189880371094
111.74968719482422
109.32648468017578
115.10494232177734
117.46194458007812
-36.30582046508789
116.47856140136719
119.28917694091797
114.4002456665039
93.06470489501953
90.1460189819336
90.67808532714844
88.68782043457031
88.13613891601562
97.63692474365234
100.54782104492188
-42.70643997192383
115.09318542480469
-39.69683074951172
130.3858642578125
63.6137580871582
118.42672729492188
120.70915222167969
96.84829711914062
132.49424743652344
133.8626708984375
92.35174560546875
89.19400024414062
89.64949035644531
89.56085968017578
85.84290313720703
104.95472717285156
88.04386138916016
90.66568756103516
89.90321350097656
91.4072265625
92.82256317138672
90.2505111694336
90.35774993896484
90.01994323730469
89.91738891601562
94.97596740722656
