117.49078369140625
107.28510284423828
120.85137176513672
-43.466209411621094
0
107.30980682373047
89.5390625
89.46446228027344
125.80422973632812
90.70872497558594
95.2946548461914
85.59656524658203
123.99366760253906
99.42666625976562
-38.646697998046875
-42.50111389160156
123.23432922363281
132.00006103515625
126.88839721679688
130.84228515625
-35.419593811035156
129.86163330078125
123.75665283203125
74.04039001464844
122.85498046875
83.52171325683594
88.21739959716797
90.42977905273438
88.91822814941406
88.37638854980469
92.86786651611328
87.99903106689453
87.37428283691406
86.67545318603516
91.53781127929688
91.48358917236328
-23.579330444335938
82.44651794433594
80.18640899658203
92.56033325195312
-26.442440032958984
-39.929771423339844
12.261735916137695
103.49308013916016
124.11011505126953
116.04904174804688
3.1081504821777344
-39.28091049194336
89.90142059326172
90.40253448486328
89.51988220214844
88.95855712890625
89.94197845458984
90.23155212402344
91.4980697631836
88.78306579589844
90.916748046875
89.91732025146484
90.53022766113281
89.11857604980469
96.01201629638672
88.24305725097656
94.1090316772461
0
