122.31218719482422
90.0616455078125
108.07088470458984
128.83531188964844
120.05960845947266
106.5992431640625
87.87779235839844
94.08908081054688
102.93077850341797
79.30831146240234
90.30084228515625
92.24971008300781
132.19480895996094
97.54508209228516
83.36676025390625
82.0032730102539
123.74103546142578
124.37954711914062
126.04878997802734
120.93533325195312
111.86088562011719
96.41070556640625
101.489990234375
117.86831665039062
116.33873748779297
117.52981567382812
97.29081726074219
108.43745422363281
101.6429443359375
116.67198181152344
114.28065490722656
122.63803100585938
88.75811004638672
89.88086700439453
92.18952941894531
91.72266387939453
94.453857421875
79.89799499511719
111.16840362548828
113.64379119873047
-39.973697662353516
132.05467224121094
4.3531107902526855
121.20502471923828
121.78541564941406
101.02758026123047
-44.66806411743164
-41.56594467163086
89.79064178466797
123.6872787475586
89.34732055664062
90.25330352783203
60.34524917602539
92.96575927734375
89.48431396484375
88.94068145751953
91.4548110961914
90.69203186035156
91.36141204833984
89.63099670410156
90.58351135253906
90.56976318359375
89.743896484375
90.87317657470703
