124.85148620605469
96.2855224609375
125.33595275878906
-40.43578338623047
87.99723815917969
106.6969223022461
85.90215301513672
87.33831787109375
91.10638427734375
82.27152252197266
113.54256439208984
-44.1802978515625
84.50183868408203
91.32544708251953
-29.53196907043457
98.31549072265625
128.89190673828125
134.2667999267578
133.72451782226562
105.22315979003906
125.83306884765625
125.10262298583984
127.04859924316406
129.27252197265625
126.06548309326172
128.27639770507812
103.03614044189453
126.45637512207031
130.80181884765625
94.47110748291016
6.164819240570068
104.30192565917969
91.18323516845703
88.51664733886719
89.39351654052734
92.073486328125
83.83153533935547
-39.01290512084961
84.54957580566406
86.20110321044922
-29.674665451049805
-40.69222640991211
21.846860885620117
115.49732208251953
125.67355346679688
117.42157745361328
-7.922372341156006
-43.112308502197266
88.6536865234375
90.88033294677734
90.06830596923828
90.09353637695312
88.60636901855469
91.80677032470703
89.23980712890625
89.95082092285156
90.57510375976562
89.93526458740234
89.3035659790039
88.03914642333984
90.32837677001953
89.9689712524414
90.58709716796875
109.31148529052734
