118.156494140625
94.66537475585938
126.0553207397461
-38.37246322631836
129.84523010253906
119.7803726196289
117.78258514404297
-42.708282470703125
98.97077178955078
119.1789779663086
108.37718200683594
83.11351776123047
131.90252685546875
122.06742095947266
-24.448423385620117
15.175674438476562
129.94931030273438
125.52880859375
131.57681274414062
123.42272186279297
129.7066192626953
-38.88754653930664
123.04582977294922
125.21112823486328
111.88375091552734
-14.410387992858887
91.28484344482422
87.45173645019531
125.37227630615234
130.1561737060547
86.4360122680664
91.91609954833984
90.75393676757812
94.0323715209961
90.18367767333984
90.36270904541016
86.7038345336914
121.09912109375
-37.074947357177734
116.42326354980469
-34.097660064697266
-33.206050872802734
11.547021865844727
74.05303192138672
120.58833312988281
114.39991760253906
6.988691806793213
-40.71821594238281
89.7663803100586
89.98162841796875
89.84319305419922
90.14146423339844
88.72313690185547
91.85922241210938
90.16996002197266
89.3761978149414
91.14169311523438
89.68074798583984
91.01887512207031
88.9925765991211
88.59426879882812
88.17549133300781
104.86624908447266
86.82774353027344
