119.2889404296875
94.69835662841797
122.53467559814453
-34.585960388183594
120.49600219726562
104.29840850830078
86.9120864868164
95.2667236328125
86.48685455322266
86.32897186279297
100.65071868896484
127.86864471435547
122.43499755859375
99.33302307128906
78.24560546875
125.59577178955078
124.20103454589844
125.3667984008789
123.96341705322266
131.1666259765625
124.75492095947266
130.49429321289062
125.73494720458984
126.02842712402344
108.7066879272461
127.66582489013672
91.23780822753906
87.85189819335938
114.60664367675781
93.25080108642578
93.0483627319336
86.01654815673828
90.41838836669922
88.61637115478516
89.84174346923828
90.3448257446289
13.019652366638184
111.39653778076172
106.34579467773438
90.0605697631836
95.95909118652344
-39.41201400756836
-0.22031374275684357
36.381473541259766
127.37748718261719
108.9900131225586
81.24991607666016
131.38156127929688
90.46280670166016
90.0337142944336
89.85679626464844
90.2975845336914
89.62474060058594
89.7652359008789
90.06705474853516
90.21479034423828
89.93768310546875
90.02845001220703
89.67561340332031
89.7987289428711
89.96491241455078
90.3901138305664
89.43260955810547
87.62389373779297
