124.72257232666016
73.6983871459961
124.64191436767578
86.707275390625
115.51081085205078
106.38996124267578
-38.61985778808594
92.06226348876953
86.23372650146484
86.93951416015625
97.27629852294922
-37.918331146240234
86.01260375976562
93.65570831298828
-35.81681823730469
100.1988754272461
-44.53470230102539
129.09213256835938
129.97662353515625
-43.70051574707031
-40.0741081237793
134.99560546875
120.52006530761719
98.42305755615234
116.7965087890625
90.99530029296875
87.1165542602539
92.28258514404297
92.27617645263672
94.35835266113281
92.13118743896484
88.91617584228516
89.2066879272461
95.44329833984375
90.5304946899414
90.6898422241211
88.3692855834961
87.99279022216797
96.20374298095703
96.93305969238281
0
0
0
0
123.257568359375
118.9974136352539
102.02408599853516
-44.05387878417969
90.18624877929688
89.79244232177734
90.316162109375
90.26742553710938
89.4930419921875
89.91752624511719
90.457275390625
89.89984893798828
89.13932800292969
89.72798156738281
88.02933502197266
86.77397918701172
90.5943374633789
89.83576202392578
89.49169158935547
90.28789520263672
