121.20199584960938
95.35897827148438
123.01643371582031
134.2407989501953
106.69482421875
104.21713256835938
99.591796875
93.59397888183594
117.68678283691406
121.17449951171875
103.27546691894531
84.13761138916016
129.50875854492188
95.93051147460938
79.1064682006836
113.72103881835938
129.32073974609375
117.69523620605469
127.21847534179688
127.01730346679688
128.06265258789062
134.9739990234375
134.2823486328125
128.6245574951172
114.60535430908203
130.3612518310547
93.14363098144531
94.96346282958984
94.5536117553711
91.94876098632812
93.15548706054688
90.7508544921875
90.56123352050781
91.42249298095703
90.57759094238281
89.47061920166016
94.41171264648438
117.86112976074219
-41.40098190307617
114.8759994506836
-26.01515769958496
133.96905517578125
13.72480583190918
127.83064270019531
123.32332611083984
120.28968811035156
-9.470023155212402
-42.390869140625
89.29024505615234
90.26727294921875
89.68728637695312
89.75723266601562
90.03987121582031
89.87957000732422
90.59181213378906
89.4652328491211
89.0157699584961
89.25746154785156
94.55624389648438
90.09832000732422
89.71961212158203
91.00301361083984
91.48970031738281
89.25255584716797
