115.42174530029297
87.6905288696289
122.9669418334961
131.18003845214844
96.3056411743164
105.48727416992188
88.24980163574219
85.20429229736328
95.74895477294922
106.10516357421875
88.3702163696289
90.7162094116211
118.7562026977539
92.84813690185547
83.70748901367188
95.69629669189453
120.23974609375
114.82637023925781
115.82061004638672
126.38169860839844
100.65827178955078
-33.62166213989258
98.9593276977539
98.59761047363281
-37.49408721923828
117.30928039550781
115.15968322753906
124.72742462158203
102.2305679321289
117.23103332519531
109.78337097167969
120.50447082519531
89.30142211914062
89.9670181274414
89.8857650756836
89.21066284179688
122.04164123535156
103.73995208740234
106.67845916748047
104.55779266357422
-40.601200103759766
133.70005798339844
26.015378952026367
119.1699447631836
117.94649505615234
83.21881866455078
132.63475036621094
131.52586364746094
85.78216552734375
107.48652648925781
89.23523712158203
91.21099090576172
80.75141906738281
91.57608032226562
87.79408264160156
90.4366226196289
90.95757293701172
91.3238754272461
90.56735229492188
88.62410736083984
88.91545867919922
89.48104858398438
86.16703033447266
84.2308120727539
