126.37796783447266
88.51524353027344
130.61769104003906
-35.601375579833984
0
118.66156005859375
88.5850601196289
108.12606811523438
130.91567993164062
118.26499938964844
97.5497817993164
85.98560333251953
129.93125915527344
96.88145446777344
82.1697006225586
100.46626281738281
126.55687713623047
0
126.07213592529297
131.63336181640625
121.40692901611328
127.35321044921875
128.91067504882812
126.15547943115234
115.55142211914062
125.64697265625
97.2076644897461
91.80072784423828
0
100.6397933959961
91.23292541503906
85.7574691772461
85.87500762939453
86.6212158203125
92.06812286376953
92.11579895019531
90.82917785644531
92.48860931396484
85.54777526855469
97.90347290039062
-39.928977966308594
133.8870849609375
40.25591278076172
125.99431610107422
121.01861572265625
127.36353302001953
-4.958286285400391
-38.95839309692383
88.15467834472656
92.64176177978516
89.56529235839844
91.33889770507812
89.90897369384766
89.78438568115234
90.63681030273438
89.7138900756836
91.26731872558594
88.9718246459961
99.80935668945312
90.17911529541016
91.14981079101562
90.81822967529297
0
104.27001953125
