117.322021484375
96.46336364746094
107.09737396240234
126.55754852294922
0
110.93643951416016
92.25112915039062
113.79338073730469
96.84483337402344
82.6937255859375
84.79610443115234
100.13803100585938
125.33834075927734
98.59751892089844
98.7009506225586
98.07200622558594
118.24903106689453
125.31233215332031
124.61042022705078
123.82545471191406
117.60199737548828
0
109.83563232421875
122.09292602539062
117.61141967773438
-13.379781723022461
97.97771453857422
119.67430114746094
114.62364959716797
121.94689178466797
115.23876190185547
92.58037567138672
89.11152648925781
89.811279296875
90.83396911621094
85.016357421875
108.21728515625
80.02074432373047
115.93946075439453
105.760498046875
-38.02912902832031
129.581298828125
32.15037536621094
119.93083190917969
118.51439666748047
92.4863052368164
132.12942504882812
133.2524871826172
89.1120834350586
108.31488800048828
89.99907684326172
91.14595031738281
87.13310241699219
92.02301025390625
89.38197326660156
89.36528015136719
89.62154388427734
90.79167175292969
91.48369598388672
89.77310943603516
90.22830963134766
89.85818481445312
89.79566192626953
92.68083190917969
