119.01032257080078
108.39016723632812
104.10183715820312
125.24465942382812
97.21243286132812
109.27843475341797
88.77009582519531
97.56916046142578
106.55730438232422
79.91507720947266
89.83432006835938
91.9290542602539
119.8017349243164
105.2511978149414
77.31375122070312
64.9217300415039
94.6506576538086
125.38563537597656
127.62096405029297
120.1275634765625
128.22540283203125
86.23095703125
116.80888366699219
122.15357971191406
118.4032974243164
0.0
95.05419921875
119.64338684082031
116.21173858642578
119.84732055664062
118.55864715576172
96.42315673828125
89.72522735595703
90.14974975585938
90.42134094238281
91.9947509765625
-43.4493522644043
114.22505950927734
111.33222961425781
103.9728012084961
-36.292274475097656
128.4852294921875
36.56725311279297
125.39596557617188
118.62907409667969
102.25700378417969
131.8721923828125
-39.91779708862305
87.91752624511719
94.03636169433594
89.75244140625
89.83064270019531
89.654052734375
90.6353759765625
89.82357025146484
90.59679412841797
90.1693344116211
90.20295715332031
93.67772674560547
91.11266326904297
89.22930908203125
89.3072738647461
87.71426391601562
87.42626190185547
