117.92285919189453
92.55966186523438
118.59159088134766
127.98439025878906
0
104.09477233886719
88.90935516357422
89.7122573852539
91.84823608398438
83.299560546875
107.8719253540039
129.81698608398438
121.33614349365234
96.96346282958984
80.1589126586914
103.26815032958984
107.29185485839844
121.9062728881836
125.91963195800781
108.141845703125
114.72166442871094
120.16582489013672
119.91732025146484
124.57305145263672
111.40866088867188
120.50252532958984
96.53260803222656
84.80757904052734
84.22403717041016
90.99849700927734
91.50346374511719
93.45198822021484
91.3719253540039
91.61300659179688
89.64093780517578
91.3348159790039
87.35957336425781
114.41261291503906
120.15480041503906
112.90509033203125
-30.439760208129883
132.5452117919922
13.720173835754395
119.37757110595703
123.8582534790039
109.52822875976562
-32.22984313964844
-41.233402252197266
90.25049591064453
90.67265319824219
89.52120208740234
89.59349060058594
91.40918731689453
91.47723388671875
89.70025634765625
89.82975769042969
90.13947296142578
90.61054992675781
94.39471435546875
91.76316833496094
90.18763732910156
90.29650115966797
89.47516632080078
84.85209655761719
