114.1728286743164
93.43480682373047
123.9331283569336
-37.3410530090332
0
103.09675598144531
89.39360046386719
90.05606079101562
128.08731079101562
122.21379089355469
94.45953369140625
85.50202941894531
126.18751525878906
100.26068878173828
-44.99553680419922
-39.108253479003906
124.01895904541016
117.16566467285156
126.64554595947266
124.40707397460938
132.26409912109375
125.06034088134766
117.50399780273438
125.25875854492188
120.65730285644531
117.33457946777344
102.05723571777344
84.96199798583984
116.8008804321289
91.98063659667969
91.30684661865234
85.93916320800781
89.91927337646484
96.3287124633789
89.86041259765625
90.3655776977539
92.2310791015625
115.7001953125
118.80638885498047
113.48178100585938
-44.71395492553711
-32.76675796508789
17.524219512939453
99.34236907958984
126.68020629882812
90.10100555419922
-2.006584644317627
133.29098510742188
89.37198638916016
90.8904800415039
89.84983825683594
90.51466369628906
89.12091827392578
89.59471130371094
90.25389862060547
89.62564849853516
90.20751953125
90.76885223388672
96.65204620361328
88.00466918945312
89.88890075683594
90.40496826171875
89.37232971191406
88.65938568115234
