123.78279876708984
98.26326751708984
127.18584442138672
-37.210147857666016
0
108.5339126586914
88.17407989501953
87.53853607177734
131.13937377929688
86.82026672363281
86.29328918457031
87.20660400390625
120.42743682861328
95.49651336669922
-36.841732025146484
118.98989868164062
129.4296875
-39.81435012817383
134.6236572265625
-40.994178771972656
130.20030212402344
134.9249725341797
-43.046443939208984
89.55696868896484
127.33979797363281
90.62633514404297
87.33872985839844
92.2705078125
94.5245132446289
88.95993041992188
92.55072021484375
89.7276611328125
90.53939819335938
91.83843231201172
96.35013580322266
91.56034851074219
80.78672790527344
-44.198402404785156
-35.22297286987305
88.9590835571289
0
-8.890905380249023
0
17.53155517578125
131.2614288330078
130.33010864257812
-22.70554542541504
-39.24372100830078
91.48922729492188
88.53543090820312
89.85257720947266
90.06652069091797
90.88530731201172
90.07935333251953
89.31576538085938
88.1937255859375
94.16352844238281
91.04171752929688
95.28704071044922
101.28385162353516
93.16094207763672
94.24385833740234
0
92.13851928710938
